1000
68 12 100
73 50 100
30 48 100
59 82 100
43 15 100
1 39 100
0 48 100
33 10 100
68 5 100
28 40 100
29 99 100
86 2 100
80 92 100
69 23 100
86 25 100
13 38 100
61 49 100
94 55 100
71 35 100
94 59 100
17 65 100
77 82 100
52 11 100
43 26 100
33 79 100
64 71 100
37 82 100
76 78 100
73 29 100
73 55 100
56 90 100
1 84 100
57 95 100
74 6 100
72 71 100
82 4 100
37 40 100
79 77 100
72 26 100
29 30 100
61 64 100
70 51 100
77 38 100
19 82 100
84 51 100
21 12 100
74 33 100
70 75 100
16 29 100
87 70 100
38 68 100
6 12 100
30 14 100
30 0 100
20 33 100
37 72 100
1 12 100
42 55 100
40 97 100
56 30 100
72 21 100
94 91 100
5 80 100
97 85 100
47 62 100
14 87 100
43 5 100
99 91 100
50 44 100
27 72 100
77 57 100
50 77 100
51 18 100
81 53 100
11 40 100
86 18 100
37 9 100
88 69 100
2 16 100
87 57 100
15 91 100
19 26 100
73 9 100
45 90 100
35 65 100
22 91 100
31 73 100
69 29 100
33 32 100
97 15 100
64 80 100
7 15 100
24 10 100
27 51 100
75 76 100
59 63 100
18 29 100
65 40 100
49 82 100
2 7 100
10 87 100
71 86 100
15 80 100
71 30 100
24 82 100
41 46 100
29 88 100
39 26 100
82 13 100
67 3 100
39 64 100
31 90 100
63 73 100
45 97 100
44 48 100
59 93 100
96 39 100
30 80 100
40 41 100
0 77 100
80 4 100
68 3 100
60 4 100
14 23 100
33 30 100
65 70 100
75 12 100
45 41 100
69 55 100
30 47 100
28 44 100
65 78 100
38 4 100
69 82 100
18 75 100
70 60 100
3 41 100
95 77 100
51 59 100
54 91 100
2 87 100
71 27 100
59 56 100
2 13 100
29 72 100
36 88 100
18 12 100
9 46 100
20 4 100
59 82 100
61 83 100
79 38 100
45 46 100
58 83 100
69 28 100
46 60 100
38 83 100
30 31 100
83 80 100
75 14 100
46 19 100
8 29 100
99 84 100
28 78 100
35 0 100
37 35 100
79 25 100
27 80 100
31 45 100
49 43 100
48 74 100
22 10 100
3 12 100
11 89 100
13 66 100
61 28 100
5 4 100
49 45 100
55 18 100
28 79 100
64 71 100
79 53 100
11 87 100
6 41 100
17 40 100
31 68 100
69 85 100
16 2 100
41 76 100
42 95 100
66 20 100
24 65 100
82 12 100
13 8 100
94 35 100
97 71 100
16 17 100
14 8 100
24 60 100
43 78 100
36 38 100
41 27 100
53 26 100
92 1 100
13 33 100
47 32 100
69 41 100
65 49 100
69 34 100
5 8 100
47 8 100
58 57 100
93 73 100
46 34 100
34 9 100
68 78 100
58 94 100
32 12 100
28 21 100
44 86 100
2 77 100
3 6 100
75 98 100
17 36 100
27 17 100
19 0 100
40 54 100
22 81 100
34 72 100
45 49 100
40 58 100
54 28 100
44 15 100
53 26 100
17 76 100
9 30 100
49 1 100
73 11 100
65 36 100
30 78 100
11 40 100
91 81 100
0 63 100
10 48 100
28 8 69
24 97 100
8 43 51
26 57 83
1 47 48
43 78 100
95 50 100
31 58 89
12 21 33
73 16 89
19 0 19
75 6 81
38 96 100
84 27 100
39 59 98
75 96 100
38 58 96
6 29 35
50 6 56
42 61 92
35 44 60
68 51 75
44 99 3
57 95 20
61 32 87
19 21 40
58 9 67
33 13 46
13 80 46
89 35 100
72 90 40
14 33 47
93 28 100
16 85 37
99 11 100
36 55 47
62 84 36
74 46 86
52 15 67
8 59 67
4 52 56
16 95 27
37 92 9
89 43 100
51 1 52
10 40 50
48 98 7
64 95 26
74 89 42
74 12 86
42 82 17
22 49 67
66 96 27
36 71 31
92 97 52
65 6 71
99 28 100
99 28 100
99 28 100
99 28 100
99 28 100
99 28 100
99 28 100
99 28 100
99 28 100
99 28 100
99 28 100
99 28 100
99 28 100
99 28 100
99 24 100
63 29 91
49 28 77
58 36 77
65 43 77
65 43 77
66 43 76
66 43 76
66 43 76
66 42 75
66 37 70
66 37 70
50 16 65
50 16 65
49 15 64
62 44 59
72 57 55
67 57 50
65 56 47
25 65 47
25 65 47
25 65 47
25 65 47
25 65 47
23 67 47
20 70 47
20 70 47
19 71 47
19 71 47
19 71 46
69 58 45
69 58 45
69 58 45
69 58 45
69 58 45
69 58 45
69 58 45
69 58 45
63 9 44
66 59 42
62 60 40
62 60 40
62 60 40
62 61 39
62 61 39
62 61 39
63 61 39
65 62 37
66 62 37
67 64 37
79 75 37
79 75 37
79 75 37
79 76 37
80 76 37
80 76 37
81 77 37
29 70 36
25 10 35
22 13 35
22 13 35
22 13 35
22 13 35
22 13 35
78 14 34
75 17 34
73 19 34
72 20 34
73 20 34
73 20 34
73 20 34
32 71 33
32 71 33
32 71 33
77 77 33
25 14 32
19 56 31
19 56 31
29 72 31
28 73 31
73 16 30
29 72 30
29 72 30
29 72 30
29 72 30
29 72 30
28 73 30
28 73 30
28 73 30
28 73 30
15 86 30
14 87 30
14 87 30
14 87 30
13 88 30
13 88 30
13 88 30
13 88 30
14 88 30
14 87 29
14 87 29
14 87 29
14 87 29
14 87 29
27 13 28
27 13 28
27 13 28
27 13 28
26 15 28
26 15 28
26 15 28
76 48 28
20 53 28
72 76 28
26 14 27
26 14 27
26 14 27
26 14 27
26 14 27
76 48 27
76 48 27
77 48 27
21 53 27
74 78 27
16 88 27
20 6 26
20 6 26
79 6 26
73 13 26
73 13 26
75 15 26
76 16 26
76 16 26
77 49 26
81 85 26
82 85 26
16 87 26
16 87 26
84 87 26
87 91 26
87 91 26
87 91 26
76 15 25
21 51 25
15 59 25
78 16 24
16 21 24
81 65 24
16 90 24
85 90 24
81 20 23
15 21 23
15 22 23
15 22 23
15 22 23
22 50 23
22 50 23
22 50 23
23 51 23
23 51 23
81 51 23
22 52 23
80 53 23
84 90 23
82 6 22
15 21 22
81 21 22
83 22 22
83 22 22
83 36 22
83 36 22
82 64 22
48 79 22
48 79 22
48 79 22
16 90 22
19 2 21
19 2 21
19 2 21
19 3 21
83 5 21
84 6 21
84 6 21
84 6 21
84 6 21
84 6 21
50 17 21
52 19 21
52 19 21
52 20 21
84 22 21
84 22 21
83 23 21
84 36 21
83 37 21
83 37 21
83 38 21
20 52 21
79 52 21
83 63 21
47 78 21
47 78 21
48 79 21
48 79 21
48 79 21
17 91 21
17 91 21
17 91 21
17 91 21
17 91 21
17 91 21
17 91 21
16 92 21
16 92 21
83 5 20
16 6 20
16 6 20
15 19 20
13 21 20
16 37 20
81 49 20
81 49 20
80 50 20
80 52 20
80 52 20
80 52 20
80 52 20
80 52 20
80 52 20
18 53 20
18 53 20
80 53 20
80 53 20
83 63 20
84 66 20
84 66 20
85 66 20
81 91 20
85 5 19
83 7 19
11 22 19
53 22 19
82 22 19
83 23 19
84 24 19
84 24 19
84 24 19
18 38 19
18 39 19
18 39 19
18 39 19
19 39 19
19 39 19
19 39 19
18 53 19
18 53 19
19 53 19
82 63 19
83 64 19
83 64 19
83 68 19
41 80 19
52 85 19
84 86 19
84 86 19
84 86 19
83 87 19
15 91 19
81 92 19
82 93 19
82 93 19
82 93 19
82 93 19
82 93 19
85 95 19
16 5 18
83 7 18
84 23 18
84 23 18
84 23 18
18 39 18
18 39 18
18 39 18
18 39 18
18 39 18
85 39 18
17 41 18
18 52 18
18 52 18
18 52 18
14 57 18
53 85 18
53 85 18
53 85 18
86 96 18
16 3 17
85 3 17
85 3 17
16 5 17
82 32 17
83 33 17
84 35 17
84 35 17
84 35 17
84 35 17
84 35 17
85 36 17
83 40 17
10 60 17
10 60 17
11 60 17
41 81 17
53 84 17
86 95 17
86 95 17
86 95 17
87 95 17
15 3 16
86 3 16
86 3 16
10 22 16
10 22 16
52 25 16
14 35 16
84 35 16
53 38 16
54 38 16
54 38 16
54 38 16
54 38 16
54 38 16
84 39 16
83 40 16
83 40 16
83 40 16
83 40 16
83 41 16
84 44 16
85 69 16
42 82 16
42 82 16
42 82 16
43 83 16
54 83 16
52 85 16
51 86 16
51 86 16
87 94 16
14 1 15
14 1 15
14 1 15
86 2 15
86 2 15
86 2 15
86 2 15
86 2 15
86 2 15
86 2 15
10 20 15
11 20 15
15 36 15
15 36 15
53 38 15
85 41 15
85 41 15
85 42 15
84 43 15
12 63 15
84 69 15
84 69 15
84 69 15
44 83 15
45 84 15
56 84 15
56 84 15
56 85 15
50 86 15
50 86 15
50 86 15
51 86 15
14 34 14
14 36 14
14 36 14
52 36 14
86 41 14
88 64 14
86 67 14
86 67 14
86 67 14
86 67 14
85 68 14
76 69 14
76 69 14
44 84 14
44 84 14
55 85 14
55 85 14
55 85 14
55 85 14
52 86 14
53 86 14
53 86 14
54 86 14
9 92 14
8 93 14
8 93 14
7 94 14
5 96 14
5 96 14
5 96 14
5 96 14
6 96 14
86 0 13
86 0 13
88 2 13
12 3 13
9 24 13
9 24 13
10 25 13
13 35 13
53 36 13
54 39 13
10 56 13
10 56 13
10 63 13
11 63 13
86 66 13
86 66 13
86 66 13
86 67 13
86 67 13
86 67 13
76 68 13
76 68 13
76 68 13
86 69 13
11 80 13
11 80 13
51 85 13
54 85 13
54 85 13
54 85 13
55 85 13
56 85 13
56 85 13
56 85 13
56 85 13
56 85 13
56 85 13
56 85 13
56 85 13
90 95 13
11 5 12
11 5 12
52 6 12
52 6 12
52 6 12
9 24 12
9 24 12
9 24 12
9 24 12
9 24 12
9 24 12
10 24 12
10 24 12
10 24 12
10 24 12
9 25 12
9 25 12
11 32 12
12 33 12
12 33 12
12 33 12
12 33 12
12 33 12
87 37 12
87 39 12
11 45 12
11 46 12
12 47 12
88 50 12
89 55 12
10 62 12
10 62 12
32 62 12
10 63 12
10 63 12
12 65 12
27 89 12
62 89 12
24 93 12
91 94 12
91 94 12
91 94 12
90 95 12
90 95 12
90 95 12
90 95 12
90 95 12
90 95 12
7 96 12
7 96 12
7 96 12
7 96 12
6 97 12
91 3 11
91 3 11
11 5 11
23 5 11
51 5 11
51 5 11
11 6 11
11 6 11
52 6 11
53 6 11
77 7 11
77 7 11
77 7 11
78 7 11
9 8 11
8 9 11
9 17 11
9 17 11
9 17 11
9 17 11
9 17 11
10 19 11
41 20 11
41 20 11
41 20 11
42 20 11
36 21 11
36 21 11
36 21 11
36 21 11
44 22 11
91 24 11
92 24 11
92 24 11
8 25 11
8 25 11
91 25 11
9 26 11
9 26 11
9 26 11
9 26 11
9 26 11
9 26 11
9 26 11
9 26 11
9 26 11
11 32 11
11 32 11
11 32 11
11 35 11
50 37 11
10 41 11
10 41 11
10 41 11
10 41 11
11 41 11
10 42 11
10 45 11
10 48 11
11 49 11
51 52 11
74 52 11
89 54 11
11 56 11
89 56 11
89 56 11
10 57 11
29 61 11
29 61 11
31 61 11
31 61 11
29 62 11
90 62 11
90 62 11
32 63 11
89 63 11
89 63 11
41 67 11
41 67 11
10 68 11
38 69 11
88 72 11
88 72 11
9 75 11
9 75 11
11 78 11
9 84 11
62 89 11
63 89 11
90 94 11
3 99 11
3 99 11
77 7 10
78 7 10
91 8 10
9 9 10
9 9 10
9 9 10
9 9 10
91 18 10
35 21 10
35 22 10
35 22 10
35 22 10
91 25 10
91 25 10
91 25 10
91 25 10
91 25 10
91 25 10
90 32 10
10 34 10
90 34 10
55 35 10
55 35 10
56 35 10
9 37 10
10 37 10
48 37 10
48 37 10
10 38 10
10 38 10
49 38 10
10 40 10
10 40 10
10 41 10
10 41 10
10 41 10
89 41 10
89 41 10
89 41 10
89 41 10
89 41 10
9 42 10
9 42 10
89 42 10
89 43 10
10 44 10
10 44 10
9 45 10
10 45 10
89 45 10
89 45 10
89 45 10
89 45 10
10 47 10
10 47 10
10 47 10
10 47 10
10 48 10
10 48 10
10 48 10
10 48 10
10 48 10
10 48 10
60 48 10
10 49 10
10 49 10
59 49 10
59 49 10
59 49 10
59 49 10
73 52 10
53 53 10
74 53 10
74 53 10
90 53 10
9 54 10
9 54 10
9 54 10
9 54 10
10 54 10
10 54 10
10 54 10
53 54 10
90 54 10
10 55 10
10 55 10
10 56 10
89 56 10
89 56 10
