4758 4945 5125 5310 5483 5660 5839 6011 6181 6341 6499 6657 6805 6945 7083 7219 7347 7475 7597 7718 7833 7939 8037 8131 8219 8300 8384 8458 8523 8594 8652 8709 8765 8814 8870 8922 8962 8995 9023 9046 9080 9111 9139 9172 9202 9225 9249 9273 9301 9324 9344 9352 9352 9345 9334 9320 9305 9292 9275 9267 9256 9245 9236 9223 9197 9167 9133 9099 9058 9008 8953 8889 8827 8761 8686 8612 8538 8451 8351 8231 8106 7976 7845 7719 7593 7462 7332 7206 7079 6948 6816 6677 6530 6370 6201 6034 5868 5687 5495 5292
4931 5121 5309 5495 5678 5861 6047 6225 6400 6567 6730 6889 7041 7180 7322 7462 7594 7727 7852 7973 8090 8200 8301 8402 8490 8573 8657 8733 8802 8875 8935 8993 9048 9103 9156 9203 9242 9278 9303 9333 9366 9394 9423 9456 9486 9512 9538 9566 9597 9625 9644 9650 9648 9642 9628 9615 9602 9582 9564 9553 9543 9528 9515 9498 9472 9440 9405 9371 9333 9283 9227 9168 9104 9036 8962 8885 8811 8721 8622 8503 8373 8242 8106 7971 7845 7714 7576 7443 7308 7170 7035 6894 6747 6585 6410 6238 6064 5880 5686 5482
5091 5289 5479 5673 5861 6051 6242 6425 6606 6775 6941 7105 7256 7400 7544 7688 7825 7959 8085 8207 8326 8441 8547 8648 8740 8824 8910 8991 9064 9137 9196 9259 9318 9368 9420 9464 9501 9536 9568 9595 9631 9663 9693 9725 9752 9783 9815 9844 9878 9905 9925 9928 9926 9919 9907 9894 9878 9860 9838 9826 9811 9793 9774 9756 9728 9695 9661 9625 9585 9536 9482 9423 9359 9292 9217 9140 9061 8968 8869 8750 8619 8485 8347 8209 8076 7943 7806 7667 7524 7379 7236 7093 6945 6781 6604 6426 6247 6057 5861 5655
5257 5455 5653 5853 6047 6240 6437 6627 6812 6984 7152 7318 7476 7622 7770 7917 8055 8189 8314 8439 8562 8681 8790 8893 8987 9075 9166 9251 9324 9398 9459 9526 9587 9635 9682 9729 9762 9800 9830 9860 9898 9936 9967 9997 10025 10055 10091 10125 10156 10182 10199 10204 10199 10193 10183 10168 10152 10134 10114 10096 10076 10051 10032 10010 9981 9949 9915 9877 9834 9786 9734 9674 9613 9548 9472 9393 9311 9215 9112 8991 8862 8726 8587 8446 8307 8168 8030 7892 7742 7588 7439 7289 7137 6972 6795 6613 6429 6234 6032 5824
5413 5622 5822 6027 6225 6421 6622 6816 7005 7181 7351 7521 7684 7836 7987 8135 8271 8404 8531 8659 8788 8909 9019 9127 9224 9318 9414 9499 9573 9650 9716 9781 9839 9889 9938 9980 10022 10056 10084 10117 10162 10200 10234 10267 10296 10327 10361 10395 10427 10448 10465 10468 10467 10461 10448 10436 10420 10402 10380 10360 10332 10306 10282 10259 10230 10197 10161 10122 10080 10030 9976 9920 9859 9795 9720 9637 9555 9455 9347 9224 9092 8960 8819 8674 8532 8388 8244 8105 7954 7794 7638 7481 7322 7155 6977 6794 6606 6407 6199 5984
5571 5783 5990 6197 6397 6599 6802 6998 7191 7369 7544 7719 7885 8043 8197 8343 8479 8610 8739 8871 8999 9122 9236 9344 9448 9547 9642 9729 9805 9887 9952 10015 10072 10123 10173 10223 10260 10296 10325 10361 10405 10446 10482 10521 10552 10582 10613 10642 10671 10695 10709 10714 10714 10708 10696 10684 10670 10650 10624 10600 10574 10544 10520 10494 10465 10429 10390 10352 10310 10258 10203 10145 10086 10021 9945 9864 9777 9676 9567 9438 9306 9171 9031 8885 8739 8593 8445 8298 8147 7988 7824 7660 7495 7321 7140 6956 6768 6565 6351 6130
5719 5938 6148 6360 6564 6766 6973 7171 7363 7546 7727 7906 8078 8236 8391 8539 8673 8806 8936 9067 9197 9322 9437 9553 9661 9760 9858 9948 10029 10109 10172 10236 10294 10342 10398 10449 10487 10523 10559 10593 10635 10678 10719 10759 10795 10825 10851 10875 10900 10922 10940 10945 10943 10939 10930 10918 10902 10880 10852 10826 10800 10772 10746 10721 10687 10651 10609 10568 10524 10473 10417 10356 10293 10228 10153 10069 9983 9880 9767 9641 9506 9369 9228 9082 8936 8786 8633 8483 8326 8165 8003 7834 7661 7480 7292 7106 6917 6712 6495 6270
5868 6092 6309 6526 6733 6936 7143 7342 7538 7726 7910 8096 8269 8428 8582 8731 8870 9005 9134 9264 9396 9522 9643 9764 9873 9974 10076 10172 10252 10330 10393 10459 10516 10569 10622 10672 10716 10758 10791 10827 10870 10914 10955 10999 11034 11066 11089 11109 11130 11148 11166 11171 11171 11167 11157 11146 11126 11102 11076 11050 11021 10994 10971 10941 10907 10867 10825 10779 10733 10681 10624 10561 10494 10428 10350 10266 10180 10077 9964 9835 9699 9561 9418 9271 9125 8973 8816 8663 8501 8335 8173 8004 7825 7636 7442 7249 7057 6851 6634 6407
6008 6238 6461 6682 6890 7095 7299 7500 7703 7894 8083 8269 8444 8603 8758 8910 9053 9190 9319 9452 9583 9715 9841 9961 10073 10179 10286 10383 10462 10540 10605 10669 10732 10784 10837 10889 10937 10982 11016 11052 11100 11143 11184 11226 11263 11290 11316 11334 11351 11368 11379 11386 11389 11385 11373 11357 11338 11316 11290 11265 11238 11211 11185 11157 11119 11079 11031 10986 10936 10880 10821 10756 10691 10620 10539 10455 10368 10268 10155 10022 9884 9744 9601 9451 9302 9151 8993 8834 8670 8502 8334 8164 7985 7791 7589 7389 7191 6983 6765 6539
6147 6383 6611 6834 7044 7246 7454 7659 7861 8058 8247 8433 8606 8767 8925 9082 9224 9363 9498 9631 9768 9904 10029 10152 10267 10379 10488 10584 10664 10743 10806 10876 10937 10990 11048 11106 11153 11197 11237 11277 11323 11370 11408 11448 11480 11509 11531 11552 11570 11580 11592 11595 11598 11595 11579 11561 11543 11524 11497 11474 11451 11423 11395 11365 11330 11285 11238 11188 11137 11077 11012 10950 10882 10811 10730 10642 10557 10456 10342 10210 10067 9926 9781 9628 9477 9324 9165 9006 8839 8667 8495 8319 8141 7946 7738 7531 7327 7113 6894 6667
6281 6520 6750 6978 7186 7392 7604 7811 8017 8212 8402 8586 8760 8925 9087 9243 9388 9532 9666 9808 9948 10082 10210 10335 10456 10568 10677 10775 10858 10936 11004 11072 11134 11191 11256 11316 11364 11410 11452 11496 11545 11589 11628 11662 11692 11717 11741 11761 11778 11790 11798 11800 11797 11790 11775 11759 11741 11720 11698 11677 11653 11627 11599 11568 11529 11487 11437 11385 11330 11269 11204 11134 11066 10994 10912 10825 10734 10631 10517 10384 10242 10096 9947 9793 9640 9483 9324 9166 8997 8820 8644 8466 8282 8086 7878 7667 7457 7238 7015 6782
6406 6648 6881 7108 7322 7534 7749 7960 8166 8359 8545 8731 8909 9078 9239 9397 9547 9693 9834 9979 10119 10256 10386 10515 10634 10746 10856 10957 11041 11124 11190 11258 11324 11388 11454 11514 11567 11618 11661 11706 11758 11804 11835 11869 11893 11916 11939 11957 11975 11990 11997 11993 11986 11974 11962 11949 11930 11911 11890 11871 11847 11821 11796 11763 11723 11679 11630 11575 11517 11455 11387 11314 11242 11169 11087 10998 10905 10798 10681 10549 10405 10257 10105 9949 9793 9636 9476 9316 9145 8967 8789 8607 8419 8218 8011 7800 7587 7363 7132 6895
6524 6771 7004 7235 7456 7672 7894 8104 8308 8499 8682 8870 9054 9222 9384 9547 9698 9851 9998 10141 10283 10425 10559 10687 10805 10916 11030 11130 11219 11303 11370 11442 11514 11579 11647 11711 11769 11822 11868 11913 11965 12010 12041 12068 12093 12113 12130 12149 12169 12181 12189 12183 12168 12158 12142 12129 12115 12098 12076 12056 12035 12010 11984 11954 11915 11868 11817 11762 11704 11638 11565 11493 11417 11341 11257 11165 11072 10963 10842 10707 10560 10412 10259 10098 9944 9786 9624 9461 9288 9110 8931 8748 8557 8355 8144 7935 7725 7493 7256 7014
6642 6886 7125 7363 7585 7810 8036 8244 8445 8635 8822 9011 9193 9364 9530 9693 9850 10009 10154 10302 10447 10592 10728 10855 10973 11087 11198 11305 11392 11477 11551 11630 11703 11769 11840 11910 11970 12025 12072 12117 12165 12208 12239 12269 12288 12306 12322 12338 12355 12368 12373 12368 12356 12340 12323 12308 12297 12282 12260 12240 12219 12196 12172 12142 12103 12058 12002 11948 11890 11822 11748 11671 11596 11515 11425 11333 11236 11128 11005 10863 10714 10564 10409 10250 10093 9934 9769 9604 9430 9250 9071 8887 8696 8491 8279 8069 7857 7626 7384 7136
6747 6996 7239 7481 7712 7939 8166 8375 8575 8768 8958 9147 9327 9501 9669 9837 9997 10153 10303 10454 10605 10750 10885 11014 11135 11247 11364 11468 11557 11647 11729 11812 11887 11955 12030 12101 12164 12220 12268 12310 12356 12396 12428 12461 12478 12493 12510 12520 12533 12543 12550 12548 12538 12521 12499 12485 12470 12455 12436 12418 12395 12373 12352 12322 12283 12237 12184 12124 12064 11998 11922 11845 11763 11680 11587 11488 11390 11278 11153 11010 10855 10701 10547 10388 10230 10066 9900 9734 9559 9379 9198 9015 8823 8618 8406 8191 7976 7746 7506 7253
6848 7100 7346 7594 7829 8058 8284 8495 8702 8898 9087 9276 9460 9632 9804 9977 10134 10293 10443 10599 10749 10896 11032 11163 11284 11402 11517 11622 11715 11813 11896 11982 12062 12137 12212 12283 12345 12403 12448 12489 12533 12575 12608 12637 12660 12676 12685 12695 12702 12709 12718 12718 12707 12693 12673 12654 12639 12620 12603 12587 12566 12543 12521 12495 12454 12409 12356 12296 12232 12164 12091 12010 11926 11839 11743 11640 11536 11421 11294 11151 10993 10836 10680 10519 10359 10195 10028 9861 9685 9503 9324 9139 8947 8744 8528 8311 8094 7862 7621 7368
6945 7200 7451 7703 7936 8166 8395 8611 8824 9022 9212 9404 9587 9765 9939 10107 10268 10428 10581 10735 10886 11033 11173 11302 11428 11546 11662 11772 11872 11971 12058 12146 12234 12313 12390 12460 12523 12575 12620 12659 12706 12749 12778 12811 12833 12850 12859 12861 12869 12875 12883 12881 12873 12861 12844 12825 12804 12787 12765 12751 12734 12710 12688 12659 12623 12577 12523 12464 12400 12329 12252 12172 12086 11995 11894 11790 11681 11562 11433 11285 11130 10972 10810 10645 10484 10321 10155 9985 9807 9626 9446 9262 9070 8863 8647 8429 8211 7975 7730 7475
7041 7302 7557 7806 8038 8267 8503 8724 8937 9138 9335 9526 9713 9894 10064 10231 10391 10556 10708 10862 11012 11163 11301 11438 11562 11680 11803 11921 12024 12125 12212 12308 12397 12479 12558 12630 12688 12738 12779 12821 12869 12909 12942 12974 12996 13012 13022 13025 13031 13042 13046 13042 13035 13027 13011 12994 12975 12951 12931 12914 12898 12877 12853 12824 12786 12743 12689 12629 12567 12494 12412 12330 12243 12149 12046 11935 11826 11703 11567 11420 11262 11104 10939 10769 10607 10444 10278 10107 9928 9746 9566 9383 9188 8979 8762 8545 8324 8085 7835 7575
7124 7388 7641 7890 8121 8355 8594 8817 9032 9237 9435 9633 9822 9998 10168 10335 10495 10657 10811 10965 11117 11264 11410 11545 11673 11798 11929 12051 12156 12259 12353 12449 12541 12622 12705 12776 12833 12881 12925 12965 13010 13053 13085 13117 13137 13152 13162 13172 13182 13186 13194 13191 13184 13175 13161 13146 13128 13107 13082 13066 13047 13025 13005 12975 12936 12892 12841 12782 12717 12644 12562 12473 12383 12291 12184 12072 11957 11831 11694 11542 11383 11221 11057 10887 10721 10556 10388 10219 10040 9857 9679 9492 9296 9088 8871 8652 8431 8190 7936 7675
7208 7471 7723 7972 8209 8446 8685 8908 9129 9335 9539 9741 9930 10106 10275 10442 10601 10760 10912 11070 11219 11372 11514 11653 11786 11920 12052 12176 12284 12394 12488 12585 12674 12759 12838 12910 12969 13020 13063 13100 13145 13187 13218 13248 13267 13281 13296 13309 13321 13328 13333 13334 13325 13314 13300 13287 13272 13252 13228 13208 13189 13165 13145 13117 13077 13032 12981 12925 12860 12785 12701 12611 12517 12420 12315 12200 12081 11952 11814 11659 11493 11330 11165 10997 10830 10659 10491 10321 10144 9963 9779 9592 9396 9190 8972 8751 8528 8286 8032 7766
7291 7555 7808 8062 8303 8541 8780 9007 9227 9441 9649 9849 10039 10220 10390 10556 10711 10871 11021 11174 11330 11479 11623 11765 11906 12042 12179 12303 12417 12529 12624 12719 12811 12890 12970 13041 13105 13159 13199 13237 13281 13320 13350 13378 13396 13414 13432 13445 13458 13470 13478 13473 13466 13455 13439 13428 13415 13397 13376 13355 13332 13309 13285 13257 13219 13174 13122 13065 13003 12925 12838 12749 12652 12551 12442 12327 12207 12076 11933 11775 11608 11443 11278 11108 10941 10771 10598 10428 10252 10068 9884 9695 9502 9294 9074 8852 8626 8384 8128 7862
7373 7638 7898 8157 8398 8637 8881 9107 9333 9550 9757 9959 10153 10338 10511 10675 10829 10986 11133 11287 11438 11590 11738 11885 12027 12167 12305 12438 12551 12663 12758 12854 12939 13018 13095 13171 13235 13288 13333 13370 13412 13451 13478 13506 13526 13545 13563 13577 13594 13609 13618 13614 13603 13595 13579 13566 13555 13542 13522 13505 13481 13452 13429 13397 13360 13317 13265 13206 13140 13064 12977 12883 12787 12684 12569 12453 12334 12200 12053 11892 11725 11558 11390 11218 11051 10882 10710 10537 10356 10172 9988 9802 9606 9396 9175 8951 8726 8480 8224 7962
7453 7722 7987 8248 8491 8734 8978 9211 9440 9655 9862 10068 10266 10454 10627 10794 10949 11100 11248 11400 11547 11701 11856 12004 12148 12288 12434 12567 12684 12794 12889 12982 13067 13142 13223 13297 13360 13415 13461 13500 13542 13578 13605 13634 13657 13675 13692 13710 13730 13746 13755 13755 13747 13735 13722 13708 13697 13683 13667 13652 13629 13599 13570 13540 13498 13455 13405 13343 13275 13198 13112 13019 12920 12815 12701 12580 12458 12324 12175 12014 11844 11677 11504 11331 11163 10994 10825 10648 10462 10278 10096 9909 9712 9499 9275 9051 8823 8578 8324 8059
7535 7810 8074 8337 8586 8830 9080 9317 9545 9760 9970 10179 10381 10569 10745 10915 11070 11223 11367 11517 11667 11821 11975 12127 12272 12417 12562 12699 12814 12927 13016 13108 13192 13269 13348 13420 13483 13539 13584 13625 13668 13704 13732 13763 13783 13802 13822 13841 13862 13878 13891 13892 13887 13878 13862 13850 13834 13820 13805 13791 13769 13740 13710 13673 13633 13586 13534 13472 13403 13324 13238 13147 13047 12941 12826 12704 12576 12441 12295 12131 11960 11788 11616 11439 11271 11105 10932 10756 10571 10386 10204 10014 9816 9601 9375 9147 8920 8679 8423 8158
7611 7883 8150 8416 8666 8919 9173 9408 9637 9856 10068 10279 10480 10671 10850 11019 11179 11333 11476 11628 11779 11933 12084 12235 12388 12532 12678 12813 12930 13038 13130 13218 13304 13382 13458 13531 13593 13646 13693 13732 13777 13817 13848 13877 13898 13918 13941 13960 13980 13999 14014 14019 14015 14010 13998 13978 13965 13949 13932 13919 13898 13872 13841 13803 13757 13710 13653 13590 13521 13441 13353 13260 13165 13058 12940 12816 12689 12551 12403 12241 12065 11893 11717 11542 11373 11201 11028 10853 10674 10489 10302 10111 9909 9693 9463 9234 9009 8765 8511 8246
7682 7957 8225 8493 8749 9007 9261 9498 9729 9951 10167 10377 10579 10771 10951 11126 11286 11442 11592 11745 11897 12048 12199 12351 12502 12649 12793 12927 13039 13148 13238 13333 13416 13491 13570 13641 13700 13752 13796 13837 13883 13927 13960 13991 14014 14036 14056 14076 14099 14118 14133 14139 14140 14137 14124 14109 14089 14073 14053 14039 14020 13993 13965 13927 13878 13825 13768 13699 13630 13550 13460 13369 13274 13168 13048 12923 12796 12657 12505 12339 12166 11990 11815 11639 11466 11290 11116 10944 10767 10582 10394 10197 9994 9773 9544 9318 9087 8845 8590 8323
7739 8016 8286 8558 8820 9075 9332 9574 9807 10032 10249 10461 10664 10855 11039 11216 11380 11540 11695 11853 12004 12156 12307 12458 12606 12749 12894 13023 13133 13239 13336 13432 13516 13590 13668 13739 13795 13844 13888 13929 13978 14022 14058 14096 14121 14142 14163 14183 14209 14231 14245 14253 14257 14254 14244 14231 14213 14189 14170 14154 14132 14107 14079 14043 13994 13940 13875 13806 13732 13651 13564 13472 13376 13268 13151 13026 12897 12758 12603 12433 12258 12087 11911 11729 11552 11377 11202 11028 10850 10666 10477 10279 10069 9850 9625 9395 9167 8922 8663 8396
7784 8064 8339 8617 8874 9133 9392 9639 9875 10101 10321 10535 10737 10932 11116 11295 11466 11631 11788 11950 12106 12260 12409 12556 12701 12839 12977 13107 13213 13322 13419 13516 13604 13681 13755 13824 13880 13927 13971 14013 14060 14107 14148 14190 14218 14240 14263 14286 14311 14334 14353 14361 14361 14363 14355 14342 14326 14308 14285 14267 14243 14216 14188 14154 14107 14050 13984 13908 13833 13749 13661 13569 13470 13363 13246 13124 12994 12851 12696 12524 12348 12179 12001 11814 11636 11460 11285 11106 10925 10739 10551 10351 10142 9925 9697 9470 9240 8991 8730 8459
7825 8113 8394 8669 8931 9189 9454 9702 9939 10168 10391 10605 10812 11006 11192 11376 11550 11720 11880 12045 12207 12363 12511 12656 12795 12927 13060 13183 13295 13401 13496 13595 13685 13763 13839 13904 13960 14009 14052 14092 14140 14190 14236 14280 14312 14339 14365 14389 14416 14439 14460 14467 14469 14469 14461 14451 14437 14422 14400 14378 14351 14320 14291 14258 14210 14155 14087 14009 13929 13846 13752 13657 13560 13452 13336 13214 13084 12940 12782 12614 12440 12262 12082 11898 11719 11542 11362 11182 10995 10806 10615 10418 10214 9993 9766 9538 9304 9054 8789 8514
7862 8153 8433 8714 8978 9242 9505 9756 9996 10226 10448 10667 10875 11071 11259 11445 11622 11793 11959 12129 12292 12452 12602 12744 12876 13002 13131 13254 13361 13467 13561 13659 13748 13828 13903 13971 14024 14073 14116 14155 14206 14259 14304 14353 14389 14421 14451 14477 14507 14532 14547 14558 14560 14559 14550 14542 14531 14512 14495 14476 14441 14408 14376 14339 14292 14236 14170 14092 14013 13924 13828 13729 13631 13525 13408 13284 13154 13011 12856 12688 12510 12331 12148 11966 11788 11605 11424 11239 11051 10856 10665 10472 10267 10052 9824 9590 9356 9103 8836 8557
7900 8186 8469 8754 9025 9290 9556 9807 10051 10280 10506 10726 10938 11137 11326 11513 11690 11865 12033 12206 12372 12533 12685 12824 12953 13074 13202 13323 13424 13527 13622 13716 13804 13882 13960 14029 14086 14131 14174 14219 14270 14322 14370 14421 14462 14497 14531 14563 14595 14617 14636 14642 14645 14647 14640 14632 14617 14602 14584 14566 14534 14493 14456 14416 14365 14309 14245 14172 14092 13999 13899 13800 13698 13591 13473 13348 13217 13078 12927 12754 12573 12396 12217 12032 11850 11668 11480 11293 11100 10906 10715 10518 10318 10104 9874 9639 9401 9146 8875 8592
7938 8222 8505 8793 9066 9335 9603 9857 10097 10333 10560 10783 10998 11201 11393 11579 11758 11933 12102 12276 12445 12607 12755 12896 13024 13147 13272 13386 13487 13585 13676 13769 13852 13929 14008 14081 14138 14187 14232 14279 14332 14382 14430 14483 14525 14564 14603 14640 14673 14699 14716 14723 14724 14728 14727 14713 14699 14683 14665 14646 14616 14577 14531 14486 14431 14375 14315 14243 14164 14071 13969 13866 13764 13650 13531 13406 13278 13142 12986 12814 12634 12460 12282 12095 11910 11723 11535 11341 11148 10955 10761 10565 10363 10146 9917 9681 9441 9181 8906 8621
7981 8267 8548 8835 9109 9381 9654 9907 10153 10387 10619 10844 11062 11268 11461 11652 11830 12005 12174 12349 12517 12677 12826 12965 13100 13224 13345 13458 13553 13650 13736 13821 13902 13976 14056 14129 14190 14245 14297 14343 14397 14450 14497 14550 14593 14635 14679 14715 14754 14782 14800 14808 14813 14816 14811 14802 14785 14765 14745 14727 14695 14658 14613 14558 14502 14445 14383 14312 14234 14144 14042 13938 13830 13716 13591 13469 13345 13204 13047 12876 12703 12528 12346 12160 11972 11781 11588 11396 11202 11005 10813 10617 10407 10188 9957 9721 9479 9215 8937 8649
8021 8311 8593 8876 9150 9423 9695 9956 10203 10441 10673 10903 11122 11328 11525 11719 11899 12073 12242 12416 12579 12738 12887 13032 13167 13292 13416 13526 13619 13710 13791 13871 13947 14022 14097 14171 14238 14299 14354 14406 14459 14515 14566 14617 14662 14706 14747 14789 14828 14859 14882 14894 14901 14902 14895 14886 14868 14845 14822 14800 14769 14729 14685 14635 14572 14513 14448 14376 14299 14211 14113 14006 13896 13777 13656 13532 13403 13262 13106 12941 12768 12593 12410 12219 12031 11837 11642 11452 11255 11058 10865 10663 10452 10226 9992 9753 9509 9245 8964 8676
8062 8351 8635 8922 9193 9460 9737 9999 10252 10493 10729 10959 11181 11389 11588 11784 11966 12142 12310 12478 12639 12795 12948 13095 13230 13357 13483 13595 13685 13770 13845 13923 13997 14066 14141 14216 14286 14349 14410 14466 14526 14582 14633 14690 14732 14774 14818 14858 14900 14934 14963 14981 14985 14988 14982 14965 14946 14923 14896 14872 14836 14796 14753 14707 14649 14581 14515 14439 14361 14277 14177 14072 13961 13844 13722 13596 13461 13321 13172 13006 12831 12656 12472 12279 12086 11894 11703 11507 11312 11115 10912 10709 10494 10268 10026 9782 9537 9272 8994 8707
8103 8391 8676 8965 9234 9500 9774 10039 10295 10542 10781 11014 11238 11451 11650 11847 12031 12209 12374 12539 12696 12855 13008 13152 13291 13419 13546 13660 13748 13831 13905 13978 14050 14116 14191 14268 14334 14401 14465 14528 14593 14654 14706 14762 14804 14846 14889 14929 14972 15012 15045 15062 15072 15075 15066 15050 15024 14999 14973 14944 14905 14864 14824 14779 14722 14659 14584 14506 14427 14339 14240 14134 14030 13916 13790 13659 13526 13387 13237 13070 12894 12716 12531 12338 12146 11956 11763 11571 11373 11170 10968 10756 10539 10308 10062 9812 9563 9300 9025 8741
8142 8432 8717 9001 9274 9540 9812 10076 10335 10585 10829 11065 11291 11504 11707 11902 12088 12263 12428 12592 12751 12909 13059 13204 13341 13472 13599 13709 13800 13885 13957 14026 14093 14163 14236 14310 14377 14443 14511 14578 14649 14717 14773 14824 14868 14911 14951 14993 15039 15081 15113 15134 15146 15150 15140 15123 15097 15066 15037 15008 14968 14927 14886 14841 14784 14722 14650 14565 14480 14388 14286 14186 14085 13972 13845 13714 13583 13444 13287 13119 12941 12761 12574 12382 12196 12003 11812 11622 11421 11216 11010 10798 10572 10336 10088 9835 9582 9320 9047 8762
8179 8470 8751 9038 9308 9576 9850 10112 10370 10622 10869 11110 11337 11553 11756 11954 12134 12310 12473 12642 12803 12957 13107 13250 13387 13515 13641 13753 13844 13933 14006 14073 14140 14207 14280 14352 14416 14484 14552 14623 14697 14768 14826 14883 14923 14965 15008 15049 15098 15135 15170 15193 15204 15209 15201 15183 15157 15125 15089 15061 15024 14982 14938 14891 14833 14770 14701 14616 14522 14425 14324 14225 14125 14012 13888 13765 13633 13489 13332 13156 12977 12797 12610 12422 12233 12046 11856 11660 11461 11255 11047 10828 10599 10356 10103 9851 9601 9336 9061 8776
8214 8502 8787 9072 9344 9612 9888 10152 10407 10658 10907 11149 11382 11599 11804 11998 12180 12352 12520 12690 12850 13007 13154 13296 13430 13554 13679 13795 13888 13975 14051 14123 14189 14253 14323 14396 14460 14525 14596 14668 14744 14814 14879 14937 14980 15020 15065 15112 15153 15194 15226 15246 15258 15263 15256 15242 15213 15180 15147 15115 15080 15039 14993 14942 14881 14820 14748 14664 14571 14470 14367 14266 14164 14053 13936 13817 13684 13540 13376 13201 13014 12834 12654 12461 12276 12090 11898 11703 11500 11296 11085 10860 10626 10381 10123 9871 9623 9356 9075 8789
8244 8537 8821 9108 9380 9650 9926 10191 10449 10696 10942 11187 11421 11643 11845 12040 12220 12398 12565 12734 12896 13052 13200 13337 13465 13588 13714 13830 13923 14010 14088 14165 14234 14298 14365 14437 14503 14568 14636 14707 14779 14855 14919 14980 15026 15072 15118 15159 15206 15242 15272 15289 15299 15305 15300 15286 15259 15228 15198 15170 15128 15087 15041 14987 14926 14859 14787 14701 14614 14514 14404 14298 14195 14088 13975 13853 13724 13580 13414 13234 13048 12866 12683 12497 12310 12120 11930 11734 11534 11324 11112 10887 10648 10401 10145 9890 9637 9370 9089 8797
8267 8557 8844 9133 9407 9678 9955 10221 10480 10727 10970 11212 11447 11665 11871 12064 12248 12427 12594 12763 12924 13081 13227 13361 13486 13607 13733 13845 13936 14028 14108 14184 14258 14327 14394 14464 14529 14596 14661 14725 14799 14870 14936 14998 15050 15103 15146 15186 15228 15265 15290 15308 15316 15322 15317 15303 15281 15255 15228 15199 15160 15113 15067 15017 14951 14882 14804 14723 14636 14539 14429 14319 14218 14111 13993 13874 13743 13602 13436 13255 13070 12885 12700 12516 12327 12137 11946 11753 11550 11338 11122 10896 10661 10415 10160 9903 9643 9372 9092 8800
8284 8576 8863 9155 9431 9704 9981 10245 10501 10750 10993 11230 11458 11677 11880 12081 12267 12444 12613 12782 12942 13097 13240 13375 13505 13625 13744 13855 13947 14038 14120 14199 14275 14351 14420 14490 14553 14617 14681 14745 14812 14882 14945 15012 15069 15120 15167 15206 15245 15278 15305 15317 15327 15330 15323 15314 15295 15275 15251 15225 15184 15138 15090 15037 14973 14900 14823 14739 14654 14557 14450 14345 14241 14127 14008 13885 13757 13615 13453 13278 13088 12904 12719 12524 12340 12149 11958 11762 11557 11344 11126 10900 10669 10428 10169 9909 9648 9371 9087 8795
8291 8584 8874 9165 9443 9718 9997 10259 10515 10761 11004 11237 11461 11673 11879 12079 12267 12446 12614 12784 12943 13093 13237 13376 13508 13626 13743 13852 13945 14035 14117 14200 14283 14358 14433 14507 14568 14626 14690 14754 14818 14883 14947 15014 15068 15122 15168 15208 15248 15278 15301 15316 15319 15322 15317 15309 15296 15277 15258 15234 15193 15151 15102 15044 14978 14910 14831 14746 14658 14563 14461 14360 14253 14134 14009 13885 13753 13614 13457 13282 13097 12912 12720 12529 12336 12150 11957 11756 11550 11335 11121 10899 10669 10427 10169 9907 9643 9365 9074 8779
8298 8591 8882 9176 9452 9730 10010 10275 10529 10773 11009 11243 11463 11673 11877 12075 12262 12443 12613 12781 12937 13089 13235 13376 13505 13624 13743 13851 13940 14032 14115 14201 14287 14366 14443 14521 14582 14640 14699 14759 14826 14889 14952 15013 15065 15118 15163 15204 15245 15275 15297 15307 15311 15312 15311 15306 15293 15279 15260 15238 15205 15161 15111 15053 14985 14917 14840 14752 14663 14570 14471 14367 14264 14143 14013 13883 13750 13613 13455 13284 13102 12915 12726 12530 12340 12144 11950 11749 11538 11327 11116 10898 10667 10422 10165 9904 9638 9356 9066 8768
8306 8603 8895 9189 9469 9744 10028 10294 10549 10787 11022 11249 11471 11683 11881 12076 12261 12440 12610 12776 12933 13089 13237 13374 13504 13624 13746 13855 13944 14034 14121 14207 14292 14376 14456 14532 14599 14657 14714 14771 14836 14905 14960 15017 15065 15112 15158 15198 15239 15272 15293 15300 15304 15310 15307 15303 15293 15278 15261 15245 15212 15171 15120 15064 14997 14925 14848 14762 14674 14581 14476 14375 14269 14151 14019 13884 13751 13609 13452 13283 13098 12918 12729 12534 12336 12138 11935 11734 11528 11317 11110 10890 10658 10415 10156 9896 9631 9350 9060 8760
8321 8612 8905 9200 9479 9759 10040 10308 10560 10801 11029 11256 11477 11687 11886 12075 12256 12432 12598 12766 12928 13085 13230 13369 13499 13622 13744 13857 13949 14041 14126 14214 14300 14382 14463 14544 14609 14671 14731 14787 14853 14915 14974 15025 15064 15109 15150 15193 15233 15265 15287 15298 15303 15309 15308 15302 15291 15276 15265 15249 15217 15177 15132 15076 15008 14938 14857 14775 14692 14592 14487 14381 14276 14155 14026 13895 13753 13610 13451 13276 13097 12916 12732 12535 12334 12129 11924 11720 11519 11313 11101 10879 10648 10406 10148 9885 9624 9347 9054 8752
8331 8623 8913 9209 9490 9769 10053 10314 10570 10808 11038 11265 11482 11690 11887 12076 12250 12420 12586 12756 12920 13075 13221 13360 13495 13618 13743 13858 13955 14049 14134 14219 14306 14385 14466 14549 14617 14682 14746 14808 14868 14928 14982 15033 15068 15104 15144 15183 15223 15252 15278 15293 15303 15306 15305 15300 15286 15276 15262 15247 15216 15180 15137 15084 15017 14946 14871 14787 14702 14607 14497 14390 14279 14159 14033 13901 13762 13613 13446 13273 13090 12913 12726 12530 12329 12122 11916 11715 11511 11305 11092 10869 10639 10397 10139 9880 9619 9342 9051 8747
8338 8634 8925 9219 9501 9780 10059 10325 10575 10816 11048 11274 11490 11694 11888 12074 12246 12412 12578 12748 12907 13064 13211 13353 13489 13618 13745 13863 13962 14060 14148 14232 14312 14394 14472 14553 14626 14694 14763 14823 14888 14945 14993 15041 15077 15109 15141 15175 15209 15242 15268 15287 15298 15305 15300 15295 15289 15272 15258 15241 15214 15180 15138 15088 15024 14958 14884 14800 14712 14615 14510 14397 14285 14166 14035 13906 13770 13618 13449 13270 13087 12904 12717 12520 12320 12118 11915 11713 11507 11292 11083 10862 10628 10386 10131 9875 9614 9335 9045 8742
8346 8642 8938 9233 9511 9788 10069 10330 10585 10825 11056 11283 11498 11700 11889 12070 12241 12412 12574 12737 12896 13051 13202 13346 13486 13618 13753 13871 13972 14073 14164 14247 14327 14403 14483 14565 14636 14710 14775 14839 14903 14959 15006 15049 15082 15116 15140 15163 15198 15229 15259 15275 15289 15296 15295 15293 15283 15270 15251 15237 15209 15176 15137 15088 15031 14970 14896 14813 14725 14625 14517 14409 14298 14173 14041 13911 13770 13624 13454 13272 13082 12895 12704 12507 12311 12115 11917 11713 11500 11286 11072 10852 10618 10376 10124 9867 9607 9329 9036 8733
8344 8644 8940 9238 9514 9788 10066 10327 10582 10823 11052 11278 11493 11693 11878 12056 12228 12399 12559 12719 12875 13033 13182 13331 13475 13614 13750 13874 13976 14078 14168 14255 14334 14410 14488 14572 14645 14711 14782 14843 14906 14964 15011 15053 15082 15109 15132 15154 15183 15215 15240 15259 15269 15279 15285 15283 15272 15256 15242 15225 15197 15164 15126 15084 15030 14970 14901 14817 14730 14629 14519 14414 14303 14177 14043 13905 13767 13618 13453 13268 13070 12878 12683 12487 12296 12104 11907 11702 11490 11272 11059 10834 10604 10366 10110 9854 9594 9316 9023 8715
8342 8642 8940 9235 9515 9788 10064 10325 10575 10815 11045 11267 11481 11679 11864 12044 12214 12379 12540 12701 12856 13012 13164 13313 13465 13607 13746 13873 13981 14079 14171 14257 14338 14418 14497 14580 14649 14717 14781 14842 14904 14962 15011 15054 15078 15098 15121 15146 15173 15196 15220 15234 15247 15260 15265 15266 15256 15240 15224 15210 15182 15149 15115 15076 15023 14965 14897 14818 14729 14630 14527 14413 14303 14180 14040 13903 13759 13612 13442 13257 13058 12858 12664 12468 12278 12086 11887 11686 11476 11259 11040 10817 10586 10348 10094 9835 9575 9296 9001 8693
8330 8632 8927 9225 9503 9781 10058 10312 10562 10797 11024 11246 11455 11654 11842 12022 12187 12351 12509 12673 12830 12985 13137 13292 13443 13589 13732 13862 13968 14072 14159 14245 14329 14413 14496 14574 14641 14707 14767 14824 14889 14947 14997 15038 15061 15082 15102 15126 15153 15172 15186 15201 15217 15229 15233 15234 15228 15213 15194 15178 15154 15125 15093 15052 15001 14944 14877 14799 14716 14622 14516 14406 14290 14162 14030 13888 13745 13591 13419 13232 13033 12838 12641 12445 12250 12053 11857 11659 11453 11236 11019 10794 10562 10322 10069 9811 9547 9266 8970 8664
8318 8615 8913 9209 9491 9769 10047 10303 10546 10779 11000 11218 11429 11628 11818 11995 12161 12323 12482 12643 12802 12961 13114 13269 13421 13568 13714 13845 13955 14056 14148 14235 14320 14406 14486 14567 14630 14689 14750 14806 14867 14928 14974 15014 15042 15065 15085 15103 15126 15143 15155 15165 15177 15188 15192 15193 15187 15174 15157 15138 15117 15094 15060 15020 14967 14911 14845 14771 14696 14602 14499 14390 14273 14144 14008 13875 13726 13568 13390 13202 13009 12818 12624 12421 12221 12024 11829 11634 11427 11215 11002 10777 10544 10303 10045 9787 9522 9237 8943 8640
8306 8605 8899 9199 9481 9760 10038 10295 10538 10763 10981 11195 11408 11609 11792 11971 12137 12302 12459 12621 12780 12942 13097 13248 13400 13548 13691 13826 13935 14039 14134 14227 14312 14392 14473 14551 14611 14669 14726 14783 14843 14896 14943 14986 15016 15043 15063 15079 15095 15110 15124 15130 15138 15146 15150 15152 15144 15131 15116 15104 15081 15054 15025 14983 14930 14872 14809 14742 14665 14577 14479 14366 14253 14123 13987 13848 13703 13539 13357 13171 12981 12793 12598 12394 12191 11994 11798 11601 11400 11191 10981 10760 10525 10281 10023 9758 9493 9211 8918 8619
8293 8584 8880 9176 9458 9738 10016 10271 10514 10737 10948 11164 11373 11568 11753 11928 12098 12264 12424 12588 12748 12910 13064 13218 13367 13512 13658 13789 13902 14011 14110 14205 14289 14370 14447 14521 14582 14640 14696 14749 14806 14856 14902 14948 14979 15006 15027 15041 15057 15070 15081 15086 15089 15094 15096 15095 15088 15074 15064 15055 15034 15005 14973 14936 14882 14826 14767 14697 14625 14540 14442 14336 14220 14096 13957 13814 13663 13503 13324 13136 12947 12757 12561 12360 12160 11959 11759 11565 11367 11160 10953 10733 10499 10254 9992 9726 9459 9182 8895 8592
8279 8570 8859 9155 9435 9714 9991 10245 10484 10709 10921 11132 11336 11527 11710 11888 12054 12224 12387 12553 12714 12872 13026 13179 13328 13470 13611 13747 13863 13977 14080 14172 14258 14338 14410 14484 14544 14603 14659 14707 14758 14812 14857 14901 14934 14959 14978 14995 15014 15026 15034 15036 15040 15041 15037 15033 15025 15018 15008 14998 14979 14951 14918 14878 14830 14779 14717 14648 14578 14492 14399 14294 14186 14058 13921 13776 13620 13462 13288 13100 12906 12713 12519 12321 12124 11922 11723 11529 11329 11125 10918 10698 10466 10221 9959 9693 9429 9153 8866 8563
8266 8556 8843 9132 9409 9684 9959 10210 10450 10673 10886 11095 11294 11484 11664 11841 12013 12181 12347 12515 12675 12834 12985 13136 13284 13424 13565 13701 13822 13938 14039 14136 14219 14296 14371 14441 14503 14561 14614 14660 14713 14763 14811 14852 14881 14906 14925 14945 14966 14980 14985 14984 14986 14985 14977 14968 14963 14957 14948 14936 14915 14890 14858 14818 14773 14723 14664 14596 14521 14439 14347 14249 14140 14017 13877 13733 13583 13421 13246 13060 12862 12668 12475 12280 12081 11886 11691 11493 11293 11086 10880 10661 10428 10185 9926 9664 9403 9125 8833 8532
8248 8540 8825 9112 9381 9652 9920 10170 10409 10633 10841 11052 11253 11439 11619 11795 11967 12140 12303 12471 12633 12792 12942 13090 13234 13375 13520 13655 13776 13890 13995 14093 14174 14252 14325 14398 14458 14514 14565 14614 14667 14718 14760 14800 14824 14847 14871 14890 14913 14927 14934 14931 14927 14924 14914 14908 14900 14891 14881 14869 14846 14820 14792 14760 14711 14662 14608 14537 14465 14380 14293 14193 14088 13965 13829 13692 13544 13385 13203 13012 12820 12626 12433 12235 12042 11850 11655 11461 11256 11046 10837 10618 10386 10145 9892 9636 9375 9095 8803 8498
8226 8517 8804 9088 9353 9613 9878 10125 10363 10583 10793 11003 11207 11396 11574 11750 11920 12092 12257 12421 12584 12743 12893 13038 13180 13324 13469 13607 13721 13837 13942 14037 14122 14199 14273 14345 14403 14456 14512 14560 14614 14661 14699 14732 14758 14781 14802 14825 14845 14861 14869 14865 14859 14851 14847 14842 14830 14816 14802 14789 14766 14740 14718 14687 14643 14592 14533 14469 14397 14317 14224 14126 14020 13900 13774 13643 13498 13338 13155 12961 12768 12581 12384 12189 11998 11805 11611 11418 11214 10999 10786 10564 10335 10099 9851 9597 9336 9057 8764 8461
8196 8486 8772 9055 9314 9571 9828 10073 10306 10525 10734 10946 11149 11344 11526 11699 11869 12038 12202 12367 12525 12685 12833 12979 13124 13266 13413 13545 13664 13775 13875 13973 14056 14137 14211 14280 14337 14395 14449 14500 14550 14595 14629 14662 14687 14711 14731 14750 14773 14787 14794 14791 14785 14782 14775 14769 14755 14737 14718 14701 14679 14660 14635 14607 14566 14515 14454 14389 14325 14241 14150 14047 13942 13831 13710 13584 13441 13280 13100 12909 12714 12522 12334 12141 11946 11755 11560 11366 11163 10948 10730 10507 10279 10049 9802 9547 9289 9011 8720 8416
8167 8455 8736 9014 9273 9527 9783 10019 10251 10467 10676 10888 11095 11291 11479 11655 11821 11990 12150 12312 12472 12626 12777 12927 13073 13217 13357 13492 13607 13714 13812 13905 13992 14072 14146 14215 14276 14334 14391 14437 14487 14528 14564 14598 14622 14643 14662 14681 14700 14713 14719 14716 14718 14718 14710 14698 14682 14662 14640 14620 14600 14580 14560 14532 14489 14442 14383 14318 14249 14170 14076 13973 13874 13766 13649 13524 13382 13227 13050 12863 12667 12475 12287 12097 11902 11707 11512 11317 11112 10898 10683 10459 10233 10000 9753 9500 9242 8968 8677 8374
8136 8421 8697 8972 9229 9485 9736 9971 10196 10412 10619 10832 11040 11240 11428 11610 11777 11939 12098 12257 12413 12569 12720 12872 13021 13160 13304 13433 13544 13650 13744 13834 13917 13997 14070 14145 14206 14266 14320 14366 14411 14456 14493 14527 14552 14569 14585 14604 14619 14628 14635 14638 14642 14642 14632 14619 14597 14575 14555 14539 14513 14494 14475 14447 14406 14359 14306 14239 14167 14084 13993 13897 13801 13694 13576 13451 13314 13164 12994 12806 12617 12428 12234 12042 11850 11653 11454 11258 11052 10839 10629 10411 10181 9945 9696 9444 9189 8914 8626 8327
8103 8382 8657 8930 9186 9438 9691 9923 10147 10356 10564 10778 10987 11187 11379 11560 11730 11893 12046 12203 12355 12510 12662 12813 12959 13104 13244 13370 13478 13580 13672 13760 13837 13913 13992 14067 14133 14190 14243 14286 14335 14380 14418 14453 14476 14494 14508 14521 14536 14543 14552 14560 14562 14560 14549 14535 14513 14490 14473 14454 14431 14407 14385 14359 14319 14276 14219 14156 14082 13994 13909 13819 13725 13617 13496 13374 13241 13097 12928 12750 12565 12375 12181 11983 11787 11593 11391 11191 10987 10777 10573 10357 10127 9887 9636 9383 9128 8855 8570 8272
8069 8347 8619 8892 9145 9396 9647 9881 10103 10312 10515 10729 10938 11137 11327 11509 11678 11845 11999 12150 12305 12455 12607 12755 12902 13045 13184 13309 13414 13512 13602 13685 13760 13836 13910 13988 14051 14110 14160 14206 14256 14301 14338 14373 14397 14415 14426 14436 14447 14460 14470 14474 14476 14471 14459 14446 14426 14407 14385 14369 14344 14318 14293 14265 14228 14183 14128 14062 13989 13909 13822 13733 13641 13531 13413 13292 13163 13019 12859 12687 12504 12316 12122 11922 11720 11521 11322 11122 10918 10713 10509 10293 10065 9826 9572 9315 9060 8792 8508 8216
8024 8301 8572 8840 9094 9344 9594 9827 10052 10259 10464 10673 10880 11076 11263 11443 11613 11778 11935 12089 12236 12388 12533 12683 12827 12964 13104 13228 13331 13428 13511 13591 13667 13741 13814 13886 13949 14005 14061 14109 14160 14205 14241 14276 14302 14317 14327 14336 14350 14361 14372 14373 14369 14365 14352 14342 14326 14305 14288 14269 14242 14216 14190 14160 14118 14076 14020 13953 13888 13811 13727 13632 13537 13433 13317 13201 13070 12932 12776 12605 12426 12241 12046 11847 11643 11439 11238 11044 10842 10635 10431 10215 9988 9752 9497 9237 8984 8715 8438 8149
7979 8253 8522 8790 9041 9292 9541 9773 9997 10210 10415 10623 10823 11015 11199 11377 11545 11711 11868 12025 12175 12318 12466 12609 12749 12886 13020 13144 13248 13340 13421 13499 13572 13647 13717 13785 13842 13902 13960 14011 14061 14106 14143 14178 14200 14216 14224 14238 14252 14260 14266 14267 14260 14252 14243 14234 14217 14201 14183 14163 14134 14108 14083 14049 14004 13958 13903 13847 13784 13708 13623 13527 13430 13327 13220 13103 12979 12845 12689 12521 12344 12160 11967 11767 11564 11359 11159 10966 10769 10558 10351 10136 9910 9673 9421 9166 8908 8642 8366 8079
7930 8204 8471 8739 8990 9237 9487 9719 9944 10159 10367 10573 10770 10954 11135 11311 11477 11643 11801 11958 12109 12257 12396 12537 12672 12805 12938 13057 13157 13249 13330 13406 13477 13548 13616 13680 13736 13795 13854 13904 13957 14004 14043 14075 14096 14109 14123 14138 14152 14157 14159 14156 14150 14141 14132 14124 14109 14093 14074 14054 14025 13999 13971 13937 13889 13838 13790 13737 13677 13598 13510 13417 13323 13221 13111 13003 12883 12750 12596 12428 12251 12068 11877 11680 11477 11278 11081 10886 10684 10477 10267 10050 9823 9586 9340 9086 8833 8565 8289 8005
7874 8150 8418 8683 8933 9181 9429 9664 9891 10105 10313 10521 10714 10895 11069 11242 11408 11571 11729 11885 12038 12187 12326 12461 12593 12720 12850 12965 13060 13153 13234 13310 13378 13444 13507 13573 13632 13688 13743 13794 13849 13900 13937 13968 13988 14005 14019 14035 14047 14051 14051 14046 14037 14032 14020 14012 13999 13978 13960 13940 13913 13884 13855 13819 13770 13727 13676 13624 13563 13483 13396 13304 13216 13112 13003 12897 12780 12650 12497 12328 12150 11968 11779 11585 11391 11197 11004 10805 10601 10391 10186 9964 9734 9502 9255 9007 8756 8491 8216 7933
7828 8099 8368 8634 8881 9129 9379 9615 9843 10057 10263 10469 10664 10841 11012 11180 11344 11508 11661 11819 11971 12117 12260 12393 12516 12640 12761 12873 12968 13057 13139 13214 13279 13341 13403 13471 13528 13584 13636 13685 13741 13790 13829 13858 13882 13900 13913 13926 13938 13941 13942 13937 13928 13918 13910 13901 13883 13864 13843 13825 13795 13767 13736 13698 13655 13610 13561 13503 13438 13361 13278 13190 13097 12998 12891 12782 12666 12539 12386 12217 12039 11857 11670 11484 11297 11109 10915 10719 10512 10300 10090 9872 9643 9407 9165 8919 8672 8415 8145 7859
7779 8046 8309 8577 8826 9073 9324 9560 9787 10001 10205 10408 10602 10781 10950 11116 11275 11433 11590 11744 11892 12040 12178 12312 12436 12549 12668 12775 12868 12958 13035 13108 13170 13234 13298 13360 13415 13471 13523 13570 13622 13670 13707 13744 13770 13788 13799 13810 13820 13824 13827 13825 13813 13804 13793 13783 13764 13742 13726 13702 13673 13643 13612 13580 13537 13495 13441 13381 13313 13237 13159 13069 12980 12880 12773 12666 12547 12418 12267 12099 11922 11741 11560 11380 11199 11011 10822 10626 10422 10205 9994 9777 9551 9316 9073 8831 8590 8339 8070 7787
7731 7997 8257 8520 8771 9021 9270 9506 9732 9943 10146 10348 10538 10717 10888 11051 11205 11361 11513 11665 11813 11955 12092 12223 12347 12461 12570 12674 12765 12852 12927 12993 13057 13125 13187 13247 13299 13354 13405 13450 13499 13543 13584 13623 13652 13669 13679 13689 13698 13702 13709 13708 13701 13690 13674 13660 13642 13622 13599 13578 13544 13514 13489 13459 13418 13372 13316 13255 13189 13113 13030 12945 12859 12759 12651 12544 12424 12291 12139 11974 11799 11625 11448 11273 11092 10908 10720 10529 10323 10110 9899 9679 9454 9226 8985 8746 8510 8259 7993 7715
7680 7946 8207 8467 8713 8962 9213 9446 9670 9879 10080 10280 10470 10646 10818 10981 11134 11287 11432 11581 11724 11863 11996 12125 12246 12362 12471 12568 12656 12738 12808 12876 12940 13006 13068 13128 13180 13231 13279 13322 13369 13415 13455 13494 13522 13540 13549 13559 13569 13575 13581 13586 13580 13567 13549 13533 13514 13491 13469 13443 13412 13386 13363 13336 13292 13243 13186 13127 13063 12985 12903 12817 12732 12634 12526 12415 12294 12161 12008 11845 11679 11511 11338 11162 10984 10801 10617 10425 10225 10015 9804 9585 9362 9135 8903 8666 8427 8179 7918 7642
7629 7894 8154 8414 8656 8901 9151 9385 9604 9811 10009 10207 10396 10572 10739 10906 11059 11207 11351 11491 11629 11765 11894 12019 12139 12250 12364 12461 12539 12616 12684 12754 12817 12879 12941 13003 13054 13103 13147 13188 13238 13284 13324 13360 13386 13404 13416 13427 13440 13446 13457 13460 13452 13442 13425 13409 13384 13359 13335 13309 13281 13259 13237 13208 13161 13112 13056 12998 12933 12857 12776 12686 12600 12503 12394 12281 12158 12027 11875 11715 11555 11394 11221 11047 10869 10689 10504 10317 10121 9914 9707 9493 9272 9048 8818 8585 8346 8100 7840 7567
7575 7839 8097 8357 8599 8841 9085 9315 9535 9738 9934 10129 10317 10491 10662 10825 10977 11127 11264 11401 11531 11662 11788 11910 12025 12139 12249 12347 12423 12493 12562 12627 12689 12752 12812 12873 12924 12972 13014 13055 13104 13151 13189 13222 13246 13264 13279 13295 13308 13320 13328 13329 13322 13314 13301 13282 13256 13226 13199 13178 13152 13130 13107 13074 13028 12981 12928 12868 12803 12730 12647 12559 12468 12368 12258 12145 12024 11892 11746 11591 11432 11271 11103 10930 10754 10572 10391 10209 10016 9813 9613 9404 9188 8967 8736 8502 8270 8023 7763 7495
7517 7784 8042 8300 8542 8784 9023 9247 9463 9667 9858 10052 10236 10413 10583 10745 10895 11042 11179 11310 11436 11559 11680 11798 11914 12024 12134 12225 12305 12378 12438 12501 12560 12624 12684 12740 12791 12839 12884 12924 12969 13013 13049 13081 13104 13123 13141 13158 13178 13186 13192 13194 13189 13183 13167 13152 13124 13092 13066 13044 13022 12996 12967 12936 12890 12845 12791 12734 12671 12595 12515 12423 12331 12225 12113 12002 11883 11757 11614 11463 11303 11141 10974 10807 10631 10451 10273 10092 9903 9707 9512 9310 9099 8880 8649 8419 8188 7945 7688 7420
7459 7728 7989 8246 8487 8726 8963 9183 9394 9595 9789 9977 10163 10337 10504 10667 10814 10957 11092 11222 11342 11462 11575 11693 11807 11915 12018 12112 12190 12264 12324 12381 12440 12500 12558 12614 12661 12712 12759 12798 12841 12879 12913 12945 12970 12991 13008 13030 13048 13056 13062 13066 13063 13054 13040 13023 12997 12970 12943 12922 12894 12865 12835 12803 12761 12712 12661 12606 12542 12468 12383 12291 12194 12088 11973 11861 11749 11629 11490 11336 11178 11016 10849 10681 10510 10336 10158 9979 9794 9604 9417 9219 9012 8795 8571 8341 8110 7871 7617 7350
7398 7668 7930 8190 8428 8664 8898 9118 9325 9522 9712 9905 10086 10258 10425 10583 10729 10870 10999 11126 11246 11360 11475 11586 11696 11799 11903 11994 12073 12142 12205 12265 12317 12374 12428 12483 12533 12581 12628 12668 12708 12744 12774 12808 12836 12857 12877 12896 12912 12922 12932 12939 12931 12924 12908 12891 12869 12846 12824 12797 12763 12731 12702 12672 12625 12581 12529 12473 12411 12334 12248 12150 12054 11945 11829 11720 11610 11493 11355 11203 11043 10884 10715 10547 10382 10211 10038 9863 9682 9498 9317 9123 8917 8709 8487 8260 8033 7794 7541 7277
7334 7603 7864 8124 8362 8596 8829 9046 9253 9446 9633 9821 10004 10173 10337 10492 10633 10771 10898 11021 11138 11257 11367 11476 11576 11678 11781 11869 11944 12016 12077 12139 12191 12241 12293 12345 12395 12443 12486 12524 12565 12599 12631 12664 12691 12716 12733 12748 12766 12778 12793 12799 12792 12781 12765 12752 12734 12715 12692 12663 12626 12593 12564 12532 12489 12444 12393 12335 12271 12193 12103 12005 11905 11797 11684 11578 11468 11348 11212 11063 10907 10744 10578 10414 10246 10080 9914 9745 9569 9389 9210 9019 8822 8615 8396 8176 7949 7711 7458 7195
7268 7532 7791 8048 8285 8521 8752 8968 9171 9366 9549 9732 9912 10080 10240 10393 10530 10664 10790 10910 11028 11145 11256 11357 11457 11554 11652 11737 11812 11883 11946 12003 12057 12108 12154 12204 12249 12295 12337 12370 12409 12447 12481 12514 12541 12563 12577 12593 12612 12629 12641 12650 12643 12632 12617 12605 12592 12572 12547 12521 12486 12453 12419 12389 12347 12301 12248 12190 12123 12042 11953 11853 11754 11650 11542 11435 11322 11201 11064 10918 10762 10603 10439 10275 10110 9945 9785 9624 9453 9273 9096 8913 8719 8515 8302 8086 7862 7626 7375 7109
7197 7458 7710 7964 8201 8437 8670 8883 9086 9278 9461 9642 9814 9977 10138 10286 10422 10555 10676 10799 10915 11029 11135 11239 11334 11429 11520 11603 11678 11748 11807 11866 11916 11970 12017 12060 12102 12141 12181 12214 12252 12290 12326 12362 12386 12402 12416 12433 12455 12467 12482 12489 12484 12479 12465 12455 12439 12418 12395 12370 12340 12306 12274 12242 12197 12151 12096 12034 11965 11883 11794 11694 11598 11499 11391 11283 11170 11048 10911 10761 10608 10455 10292 10129 9968 9808 9651 9495 9328 9152 8979 8797 8604 8408 8199 7984 7765 7532 7279 7014
7113 7369 7617 7867 8102 8338 8570 8786 8987 9177 9359 9537 9705 9862 10017 10167 10301 10432 10555 10675 10790 10899 11004 11106 11200 11288 11380 11459 11531 11597 11656 11712 11764 11815 11865 11909 11942 11978 12011 12047 12087 12123 12162 12198 12219 12235 12248 12267 12284 12298 12309 12318 12317 12315 12307 12293 12273 12251 12229 12208 12176 12149 12119 12084 12037 11989 11931 11865 11794 11712 11622 11529 11437 11337 11228 11120 11009 10889 10750 10601 10450 10297 10139 9980 9823 9668 9514 9357 9194 9026 8856 8674 8488 8294 8088 7878 7660 7428 7177 6913
7020 7273 7520 7767 7998 8231 8464 8680 8883 9071 9249 9424 9591 9743 9892 10038 10173 10305 10427 10546 10656 10767 10870 10967 11058 11149 11236 11314 11378 11441 11498 11552 11600 11652 11699 11743 11776 11804 11837 11868 11910 11950 11985 12017 12041 12058 12072 12083 12102 12112 12124 12135 12137 12139 12130 12116 12095 12072 12052 12029 12003 11977 11950 11918 11868 11816 11754 11687 11614 11529 11444 11355 11266 11165 11056 10950 10841 10721 10582 10437 10285 10134 9979 9828 9678 9525 9372 9217 9057 8892 8725 8551 8366 8174 7971 7764 7547 7315 7068 6807
6915 7168 7415 7661 7888 8118 8349 8565 8768 8955 9130 9302 9464 9615 9762 9903 10036 10170 10290 10406 10517 10625 10726 10820 10909 10998 11087 11157 11220 11277 11329 11380 11428 11476 11522 11562 11595 11626 11652 11681 11719 11758 11791 11822 11846 11866 11877 11891 11903 11914 11928 11940 11945 11946 11934 11920 11903 11882 11858 11839 11814 11790 11764 11734 11685 11628 11564 11495 11420 11338 11258 11171 11081 10983 10875 10772 10664 10544 10410 10264 10115 9965 9814 9669 9524 9374 9222 9072 8912 8746 8587 8417 8235 8046 7846 7638 7423 7195 6949 6693
6809 7057 7305 7550 7777 8004 8231 8445 8645 8831 9006 9174 9334 9483 9629 9770 9899 10029 10149 10265 10375 10480 10577 10672 10758 10847 10931 11003 11060 11115 11161 11208 11254 11299 11339 11378 11410 11443 11471 11497 11531 11560 11595 11627 11651 11667 11683 11695 11709 11719 11734 11749 11753 11750 11738 11725 11711 11691 11671 11651 11626 11603 11578 11547 11498 11443 11375 11304 11233 11154 11075 10986 10898 10801 10699 10595 10487 10373 10238 10096 9948 9803 9654 9510 9367 9221 9076 8925 8765 8605 8446 8279 8103 7917 7715 7509 7295 7071 6830 6579
6703 6946 7188 7433 7658 7883 8108 8315 8511 8694 8867 9036 9195 9342 9489 9630 9757 9879 9998 10115 10222 10325 10422 10513 10600 10685 10769 10839 10898 10946 10990 11031 11071 11114 11153 11189 11222 11253 11286 11314 11338 11366 11394 11428 11450 11468 11481 11497 11515 11526 11541 11555 11554 11551 11539 11529 11513 11498 11482 11462 11436 11412 11386 11354 11305 11251 11185 11116 11048 10970 10887 10800 10712 10620 10517 10416 10311 10197 10066 9926 9783 9641 9495 9351 9209 9069 8926 8777 8622 8463 8305 8140 7967 7782 7582 7376 7164 6945 6711 6462
6590 6832 7068 7308 7533 7756 7977 8180 8370 8549 8720 8890 9050 9199 9345 9484 9608 9730 9843 9955 10063 10166 10261 10352 10434 10520 10603 10672 10727 10777 10814 10851 10885 10923 10962 10998 11028 11063 11094 11121 11147 11168 11195 11219 11245 11264 11278 11297 11318 11333 11347 11354 11353 11349 11339 11327 11316 11302 11287 11271 11244 11218 11188 11156 11107 11053 10995 10933 10863 10781 10698 10611 10528 10434 10333 10235 10132 10020 9891 9757 9617 9479 9334 9192 9053 8913 8770 8629 8477 8318 8163 7999 7823 7640 7443 7239 7030 6819 6585 6340
6480 6716 6952 7186 7406 7627 7844 8044 8230 8403 8574 8742 8906 9057 9202 9337 9461 9582 9691 9797 9903 10007 10102 10190 10272 10356 10439 10505 10559 10605 10641 10672 10703 10737 10772 10807 10841 10873 10902 10927 10954 10978 10995 11020 11040 11063 11082 11101 11124 11139 11150 11157 11153 11151 11137 11130 11120 11107 11093 11077 11053 11024 10992 10957 10908 10860 10806 10748 10679 10595 10511 10428 10344 10253 10154 10057 9956 9848 9723 9593 9456 9319 9178 9040 8901 8758 8621 8482 8333 8179 8024 7858 7682 7498 7303 7105 6904 6691 6462 6220
6364 6594 6824 7057 7268 7482 7698 7894 8077 8249 8415 8586 8749 8901 9045 9181 9303 9420 9528 9633 9733 9835 9930 10018 10100 10183 10262 10327 10379 10421 10453 10485 10512 10544 10574 10609 10642 10672 10698 10723 10750 10773 10795 10814 10834 10854 10876 10899 10920 10931 10943 10951 10949 10941 10931 10924 10915 10903 10889 10873 10847 10821 10787 10750 10704 10661 10609 10548 10482 10401 10319 10234 10151 10062 9965 9869 9772 9669 9550 9422 9285 9151 9015 8879 8739 8603 8466 8327 8182 8031 7876 7709 7533 7350 7158 6968 6768 6558 6332 6097
6250 6471 6693 6918 7127 7333 7542 7737 7919 8088 8255 8422 8585 8734 8880 9017 9136 9251 9357 9462 9560 9654 9746 9836 9917 9998 10075 10136 10185 10225 10255 10285 10314 10341 10373 10403 10430 10459 10485 10508 10532 10556 10580 10603 10620 10640 10659 10682 10702 10712 10724 10735 10731 10727 10714 10708 10699 10687 10673 10655 10629 10602 10571 10537 10493 10448 10395 10335 10268 10194 10114 10028 9946 9857 9761 9670 9577 9480 9364 9239 9105 8974 8839 8704 8573 8437 8301 8165 8021 7869 7716 7551 7375 7196 7011 6819 6622 6418 6199 5963
6124 6343 6555 6771 6973 7177 7377 7569 7750 7921 8087 8252 8409 8560 8704 8839 8959 9073 9177 9280 9377 9469 9556 9643 9724 9803 9878 9935 9980 10019 10049 10077 10102 10136 10164 10191 10212 10237 10263 10284 10308 10333 10358 10385 10405 10420 10435 10450 10472 10485 10498 10506 10506 10501 10490 10480 10470 10457 10441 10421 10396 10369 10342 10314 10269 10221 10166 10107 10045 9969 9893 9812 9728 9639 9546 9459 9372 9277 9165 9043 8914 8783 8647 8521 8393 8261 8127 7992 7846 7694 7542 7380 7210 7037 6852 6663 6469 6271 6053 5821
5989 6206 6415 6621 6815 7011 7212 7396 7577 7748 7912 8074 8229 8377 8519 8652 8772 8887 8990 9090 9185 9278 9364 9444 9521 9600 9671 9725 9767 9804 9833 9859 9887 9917 9946 9969 9988 10008 10028 10051 10077 10102 10131 10160 10185 10198 10203 10217 10235 10252 10265 10275 10274 10271 10259 10250 10236 10220 10201 10180 10155 10134 10110 10082 10038 9989 9933 9876 9814 9740 9665 9587 9506 9417 9326 9245 9161 9070 8960 8844 8715 8585 8457 8332 8207 8079 7948 7810 7665 7513 7362 7205 7044 6873 6690 6506 6317 6119 5905 5684
5853 6067 6274 6477 6661 6850 7042 7229 7402 7570 7733 7893 8046 8190 8329 8462 8580 8695 8798 8897 8991 9082 9168 9246 9315 9387 9457 9508 9549 9582 9608 9640 9668 9695 9720 9746 9763 9779 9796 9817 9844 9875 9904 9935 9957 9970 9976 9984 10003 10013 10031 10043 10042 10038 10028 10019 10004 9982 9961 9939 9918 9901 9879 9848 9804 9758 9705 9646 9583 9512 9437 9359 9282 9198 9112 9032 8951 8862 8757 8640 8513 8391 8266 8144 8022 7896 7764 7628 7483 7333 7186 7036 6875 6709 6531 6350 6162 5967 5762 5549
5721 5929 6133 6334 6516 6696 6884 7064 7235 7395 7555 7715 7864 8006 8142 8273 8391 8502 8604 8705 8798 8887 8970 9047 9112 9176 9240 9293 9331 9361 9391 9421 9447 9473 9497 9520 9537 9553 9571 9589 9617 9650 9683 9709 9728 9741 9752 9762 9772 9784 9797 9812 9813 9809 9798 9788 9771 9749 9724 9705 9687 9669 9645 9617 9572 9530 9479 9421 9360 9285 9211 9136 9061 8985 8905 8828 8747 8661 8556 8440 8320 8202 8080 7962 7841 7713 7582 7447 7305 7160 7020 6870 6711 6549 6376 6197 6010 5825 5626 5414
5593 5791 5989 6188 6369 6549 6728 6900 7063 7223 7375 7530 7679 7818 7951 8081 8195 8306 8407 8506 8599 8686 8765 8836 8900 8961 9020 9067 9105 9139 9168 9194 9218 9245 9269 9288 9304 9325 9342 9363 9389 9421 9452 9476 9493 9508 9521 9532 9545 9550 9563 9573 9577 9575 9561 9548 9531 9509 9488 9468 9448 9427 9404 9377 9339 9295 9246 9193 9129 9053 8980 8909 8841 8768 8693 8620 8542 8453 8348 8240 8124 8009 7892 7775 7653 7525 7394 7260 7124 6988 6848 6702 6548 6388 6215 6040 5864 5683 5485 5282
5464 5657 5846 6040 6220 6399 6575 6737 6894 7047 7198 7345 7490 7628 7758 7883 7996 8107 8206 8302 8392 8477 8552 8620 8679 8742 8798 8838 8877 8912 8938 8962 8986 9012 9034 9054 9070 9089 9114 9136 9163 9189 9214 9238 9258 9273 9284 9298 9314 9320 9326 9335 9335 9333 9319 9304 9286 9268 9251 9231 9204 9183 9159 9135 9098 9059 9011 8956 8894 8818 8746 8681 8618 8549 8475 8407 8330 8240 8141 8036 7923 7812 7696 7579 7457 7330 7199 7068 6939 6804 6670 6528 6376 6218 6046 5880 5711 5533 5343 5146
5326 5517 5702 5887 6064 6240 6414 6574 6723 6869 7013 7159 7293 7428 7556 7678 7791 7900 7996 8090 8176 8256 8330 8395 8454 8512 8568 8612 8645 8674 8699 8724 8748 8771 8792 8813 8831 8853 8876 8902 8925 8946 8967 8990 9013 9028 9040 9054 9071 9080 9085 9086 9083 9075 9062 9049 9033 9018 9001 8979 8954 8928 8906 8881 8846 8812 8765 8708 8647 8575 8507 8445 8385 8319 8250 8181 8105 8024 7928 7824 7715 7606 7489 7372 7252 7125 6998 6875 6746 6615 6486 6348 6196 6040 5879 5717 5549 5381 5199 5002
5178 5364 5547 5728 5895 6067 6239 6397 6543 6681 6818 6955 7089 7213 7337 7460 7572 7678 7772 7862 7944 8021 8091 8157 8214 8270 8327 8372 8400 8420 8442 8469 8491 8514 8535 8554 8578 8602 8625 8645 8667 8687 8708 8730 8747 8766 8780 8793 8809 8818 8826 8825 8814 8804 8787 8778 8769 8752 8732 8712 8687 8665 8638 8613 8579 8544 8499 8446 8385 8318 8256 8195 8136 8074 8005 7935 7867 7791 7699 7598 7489 7378 7262 7146 7026 6904 6784 6660 6535 6408 6281 6144 5996 5848 5693 5535 5376 5215 5034 4844
5021 5204 5382 5561 5725 5888 6056 6212 6357 6492 6619 6749 6875 6998 7112 7231 7343 7448 7538 7624 7704 7779 7848 7910 7967 8027 8082 8121 8148 8166 8182 8203 8226 8251 8271 8295 8317 8344 8364 8378 8396 8419 8441 8459 8474 8490 8507 8521 8534 8543 8550 8550 8538 8522 8506 8497 8489 8473 8454 8434 8413 8391 8366 8340 8303 8266 8223 8174 8119 8054 7994 7936 7880 7816 7745 7683 7619 7546 7458 7360 7249 7138 7023 6908 6792 6677 6558 6438 6318 6193 6066 5931 5792 5651 5498 5350 5200 5039 4864 4677
4863 5043 5218 5393 5555 5714 5873 6025 6168 6299 6422 6543 6662 6778 6892 7001 7109 7213 7301 7386 7463 7537 7604 7664 7723 7783 7835 7870 7893 7913 7927 7940 7961 7986 8011 8036 8059 8077 8095 8109 8126 8148 8168 8187 8200 8213 8227 8242 8256 8262 8267 8267 8258 8243 8226 8215 8201 8189 8173 8155 8132 8114 8091 8063 8022 7986 7944 7900 7851 7791 7730 7675 7620 7553 7488 7429 7368 7298 7211 7113 7005 6894 6778 6667 6559 6444 6329 6214 6096 5972 5848 5722 5589 5452 5309 5169 5019 4864 4692 4511
4692 4869 5042 5214 5372 5530 5685 5827 5965 6094 6213 6331 6442 6552 6659 6767 6865 6964 7053 7136 7213 7284 7349 7413 7470 7525 7575 7608 7629 7644 7659 7673 7685 7711 7739 7765 7784 7800 7812 7827 7844 7861 7880 7899 7912 7923 7932 7943 7956 7962 7965 7965 7958 7951 7933 7917 7905 7891 7880 7863 7840 7824 7801 7772 7734 7699 7661 7619 7574 7517 7462 7404 7346 7287 7226 7170 7112 7042 6955 6858 6752 6643 6530 6425 6317 6207 6096 5983 5866 5745 5630 5510 5380 5251 5117 4979 4835 4682 4517 4341
